canvas 200 70 360 360
shape C ellipse 0
motion C 6 440 70 120 60 0 0 255 0    20 440 70 120 60 0 0 255 0
motion C 20 440 70 120 60 0 0 255 0    50 440 290 120 60 0 0 255 0
motion C 50 440 290 120 60 0 0 255 0    70 440 370 120 60 0 170 85 0
motion C 70 440 370 120 60 0 170 85 0    80 440 370 120 60 0 255 0 0
motion C 80 440 370 120 60 0 255 0 0    100 440 370 120 60 0 255 0 0


shape zack rectangle 0
motion zack 0 400 600 100 100 153 255 102 0    50 400 300 100 100 153 255 102 0


shape R rectangle 1
motion R 1 200 200 50 100 255 0 0 0    10 200 200 50 100 255 0 0 0
motion R 10 200 200 50 100 255 0 0 0    11 202 202 50 100 255 0 0 0
motion R 11 202 202 50 100 255 0 0 0    50 300 300 50 100 255 0 0 90
motion R 50 300 300 50 100 255 0 0 90    51 300 300 50 100 255 0 0 90
motion R 51 300 300 50 100 255 0 0 90    70 300 300 25 100 255 0 0 0
motion R 70 300 300 25 100 255 0 0 0    100 200 200 25 100 0 0 255 0


