canvas 200 70 360 360
shape R rectangle
motion R 1 200 200 50 100 255 0 0    10 200 200 50 100 255 0 0
motion R 10 200 200 50 100 255 0 0    11 200 202 50 100 255 0 0
motion R 11 200 202 50 100 255 0 0    20 250 202 50 100 255 0 0
r-motion R 20 250 202 50 100 255 0 0 0    30 300 202 50 100 255 0 0 30
r-motion R 30 300 202 50 100 255 0 0 30   50 300 300 50 100 255 0 0 0
r-motion R 50 300 300 50 100 255 0 0 0   51 300 300 50 100 255 0 0 0
r-motion R 51 300 300 50 100 255 0 0 0   70 300 300 25 100 255 0 0 700
r-motion R 70 300 300 25 100 255 0 0 700 90 300 300 25 100 255 0 0 0
motion R 90 300 300 25 100 255 0 0    100 200 200 25 100 0 0 255


shape C ellipse
motion C 6 440 70 120 60 0 0 255    20 440 70 120 60 0 0 255
r-motion C 20 440 70 120 60 0 0 255 0    50 440 250 120 60 0 0 255 90
r-motion C 50 440 250 120 60 0 0 255 90   70 440 370 120 60 0 170 85 180
r-motion C 70 440 370 120 60 0 170 85 180    80 440 370 120 60 0 255 0 0
motion C 80 440 370 120 60 0 255 0    100 440 370 120 60 0 255 0


